0.000000000000000000e+00 0.000000000000000000e+00 1.000000000000000000e+00 0.000000000000000000e+00
6.449015380215182038e-03 1.716344024084326156e+04 2.600000000000000000e+01 1.716344024084326156e+04
1.092690011961273966e-02 2.216726212758491965e+04 6.600000000000000000e+01 2.216726212758491965e+04
1.554195787287562976e-02 2.384982270280866942e+04 1.580000000000000000e+02 2.384982270280866942e+04
2.017145490209620515e-02 2.345146444545169652e+04 2.340000000000000000e+02 2.345146444545169652e+04
2.489202743335804102e-02 2.175787898093349213e+04 4.100000000000000000e+02 2.175787898093349213e+04
2.933251276395472742e-02 1.969172493800608208e+04 4.700000000000000000e+02 1.969172493800608208e+04
3.388925133025851022e-02 1.755891369765741183e+04 7.380000000000000000e+02 1.755891369765741183e+04
3.859731506199429868e-02 1.561896198840785291e+04 9.140000000000000000e+02 1.561896198840785291e+04
4.317239176051009680e-02 1.408134463701315144e+04 1.122000000000000000e+03 1.408134463701315144e+04
4.765380300426659554e-02 1.289420491731028051e+04 1.358000000000000000e+03 1.289420491731028051e+04
5.214951381665758334e-02 1.197029154509596265e+04 1.626000000000000000e+03 1.197029154509596265e+04
5.672362982382829488e-02 1.123946094999876186e+04 1.970000000000000000e+03 1.123946094999876186e+04
6.137970250604800337e-02 1.063671159753619941e+04 2.366000000000000000e+03 1.063671159753619941e+04
6.594882400508396414e-02 1.011109386583576998e+04 2.570000000000000000e+03 1.011109386583576998e+04
7.046306987020221901e-02 9.595988350640487624e+03 3.042000000000000000e+03 9.595988350640487624e+03
7.498282891009884488e-02 9.043355855457240978e+03 3.306000000000000000e+03 9.043355855457240978e+03
7.956375573833969483e-02 8.429177182956420438e+03 3.974000000000000000e+03 8.429177182956420438e+03
8.412184840633475658e-02 7.776380147036088601e+03 4.194000000000000000e+03 7.776380147036088601e+03
8.867171496648292017e-02 7.114155188071439625e+03 4.826000000000000000e+03 7.114155188071439625e+03
9.330373296528006455e-02 6.470497873445933692e+03 5.398000000000000000e+03 6.470497873445933692e+03
9.783942554132961378e-02 5.905913766161922467e+03 5.626000000000000000e+03 5.905913766161922467e+03
1.023332592325246204e-01 5.434813525449334520e+03 6.386000000000000000e+03 5.434813525449334520e+03
1.069087174402128526e-01 5.052441685668150058e+03 6.966000000000000000e+03 5.052441685668150058e+03
1.114394981342212571e-01 4.763882110903074135e+03 7.370000000000000000e+03 4.763882110903074135e+03
1.159896771051533992e-01 4.546610602360050507e+03 8.330000000000000000e+03 4.546610602360050507e+03
1.205790701947174193e-01 4.375100965822064609e+03 8.754000000000000000e+03 4.375100965822064609e+03
1.251591047664082634e-01 4.225349110003028727e+03 9.710000000000000000e+03 4.225349110003028727e+03
1.296931314041362138e-01 4.075330179626600057e+03 9.858000000000000000e+03 4.075330179626600057e+03
1.342352818018463512e-01 3.907799079435596468e+03 1.119400000000000000e+04 3.907799079435596468e+03
1.387602266407147455e-01 3.718386196577498140e+03 1.132600000000000000e+04 3.718386196577498140e+03
1.433253528008348598e-01 3.507535903492507714e+03 1.277000000000000000e+04 3.507535903492507714e+03
1.478940388005616502e-01 3.287164249662787370e+03 1.310600000000000000e+04 3.287164249662787370e+03
1.524593697543396020e-01 3.070863649323811387e+03 1.425000000000000000e+04 3.070863649323811387e+03
1.570224427407463375e-01 2.871085486717284311e+03 1.489400000000000000e+04 2.871085486717284311e+03
1.615795356671280991e-01 2.697034768610449646e+03 1.590600000000000000e+04 2.697034768610449646e+03
1.661382907389921670e-01 2.552434013537435476e+03 1.665800000000000000e+04 2.552434013537435476e+03
1.706624281425239420e-01 2.437425069703223016e+03 1.755000000000000000e+04 2.437425069703223016e+03
1.752109118708591595e-01 2.345702911441064771e+03 1.862600000000000000e+04 2.345702911441064771e+03
1.797722130028660548e-01 2.270499176946894295e+03 1.968200000000000000e+04 2.270499176946894295e+03
1.843110331067347452e-01 2.204213188958810406e+03 2.038200000000000000e+04 2.204213188958810406e+03
1.888785956787905895e-01 2.138642652696961704e+03 2.192200000000000000e+04 2.138642652696961704e+03
1.934369605034646222e-01 2.068905105340705177e+03 2.247400000000000000e+04 2.068905105340705177e+03
1.980016915319694482e-01 1.992090573517878966e+03 2.405000000000000000e+04 1.992090573517878966e+03
2.025746144988691266e-01 1.908459705005571095e+03 2.484600000000000000e+04 1.908459705005571095e+03
2.071322448937487071e-01 1.821050180671608132e+03 2.609000000000000000e+04 1.821050180671608132e+03
2.116616793455158019e-01 1.734054918453020719e+03 2.676200000000000000e+04 1.734054918453020719e+03
2.161920177130249865e-01 1.650980331651007873e+03 2.849400000000000000e+04 1.650980331651007873e+03
2.207523651744339455e-01 1.574626568176296814e+03 2.942600000000000000e+04 1.574626568176296814e+03
2.253100816669002526e-01 1.507613485233162010e+03 3.097800000000000000e+04 1.507613485233162010e+03
2.298684333198549035e-01 1.450269673982997574e+03 3.184200000000000000e+04 1.450269673982997574e+03
2.344349387950711017e-01 1.401560805955989508e+03 3.374200000000000000e+04 1.401560805955989508e+03
2.389987726954185543e-01 1.359545100631899686e+03 3.440200000000000000e+04 1.359545100631899686e+03
2.435645023918440455e-01 1.321678956325153877e+03 3.629800000000000000e+04 1.321678956325153877e+03
2.480942301238599490e-01 1.285752465359049893e+03 3.667800000000000000e+04 1.285752465359049893e+03
2.526433472946542635e-01 1.249352176644426663e+03 3.914600000000000000e+04 1.249352176644426663e+03
2.572037401747353513e-01 1.211374074790614486e+03 3.988200000000000000e+04 1.211374074790614486e+03
2.617331112623993428e-01 1.171903892081266122e+03 4.125800000000000000e+04 1.171903892081266122e+03
2.662874702582445074e-01 1.130981275896076795e+03 4.331000000000000000e+04 1.130981275896076795e+03
2.708457335345311190e-01 1.089846179039464232e+03 4.425800000000000000e+04 1.089846179039464232e+03
2.754112508555613958e-01 1.049742825658806851e+03 4.633800000000000000e+04 1.049742825658806851e+03
2.799666566130326051e-01 1.011972241645913414e+03 4.733400000000000000e+04 1.011972241645913414e+03
2.845029116930856139e-01 9.773936337790648849e+02 4.877000000000000000e+04 9.773936337790648849e+02
2.890771377044691892e-01 9.459330292140125493e+02 5.149800000000000000e+04 9.459330292140125493e+02
